[267]
[6024, 267]
[6024, 267, 37]
[6024, 267, 37, 47]
[66, 37, 6024, 267, 47]
[66, 37, 6024, 267, 47, 1434]
[37, 6024, 267, 47, 753, 1241, 1434]
[66, 37, 6024, 267, 47, 753, 1241, 1434]
[66, 37, 6024, 682, 267, 14414, 47, 1241, 1434]
[66, 1635, 37, 6024, 3210, 267, 47, 753, 1241, 1434]
[66, 37, 6024, 3210, 267, 682, 14414, 47, 1241, 1434, 156]
[66, 37, 6024, 3210, 267, 682, 14414, 47, 753, 1241, 1434, 156]
[192, 66, 37, 6024, 3210, 267, 14414, 47, 12464, 753, 1241, 1434, 156]
[192, 66, 1635, 37, 6024, 3210, 267, 682, 6573, 47, 753, 1241, 1434, 156]
[66, 1635, 37, 6024, 3210, 267, 682, 6573, 14414, 47, 753, 4469, 1241, 1434, 156]
[192, 66, 1635, 37, 6024, 682, 267, 3210, 2314, 47, 753, 5651, 1241, 1434, 156, 2462]
[192, 66, 37, 6024, 105, 3210, 267, 682, 6573, 14414, 47, 753, 1689, 6482, 1241, 1434, 156]
[192, 66, 1635, 37, 6024, 682, 267, 3210, 6573, 14414, 47, 753, 1689, 5651, 474, 1241, 1434, 156]
[6024, 3210, 267, 5651, 1689, 1434, 156, 37, 682, 6573, 47, 192, 66, 14414, 1241, 1635, 236, 753, 4469]
[6024, 3210, 267, 5651, 1689, 1434, 156, 2462, 37, 682, 6573, 47, 12464, 192, 66, 14414, 1241, 5993, 753, 4469]
[6024, 3210, 267, 11404, 5651, 1434, 156, 2462, 37, 682, 6573, 814, 47, 192, 66, 14414, 1241, 105, 236, 753, 4469]
[6024, 3210, 267, 5651, 1689, 1434, 156, 2462, 37, 424, 682, 6573, 814, 47, 192, 66, 14414, 595, 1241, 105, 753, 4469]
[6024, 3210, 267, 5651, 1689, 1434, 156, 2462, 1827, 37, 682, 6573, 47, 12464, 192, 66, 3656, 14414, 595, 1241, 1635, 753, 4469]
[6024, 3210, 267, 5651, 1689, 1434, 156, 2462, 37, 682, 6573, 814, 47, 192, 66, 14414, 595, 1241, 602, 1635, 105, 236, 753, 4469]
[1537, 6024, 3210, 267, 5651, 1689, 1434, 156, 2462, 37, 682, 6573, 814, 47, 12464, 192, 66, 14414, 6482, 1241, 602, 1635, 105, 753, 4469]
[6024, 3210, 267, 1689, 1434, 156, 2462, 37, 6565, 682, 6573, 814, 47, 12464, 192, 66, 3656, 14414, 595, 1241, 602, 1635, 105, 110, 753, 4469]
[6024, 3210, 267, 2314, 11404, 11025, 5651, 1689, 1434, 156, 2462, 37, 6565, 682, 6573, 814, 47, 12464, 66, 14414, 6482, 1241, 602, 1635, 105, 753, 4469]
[6024, 3210, 267, 11404, 5651, 1689, 1434, 156, 2462, 1827, 37, 682, 6573, 47, 12464, 192, 66, 14414, 6352, 6482, 595, 1241, 474, 602, 1635, 5993, 753, 4469]
[1537, 6024, 3210, 267, 11404, 5651, 1689, 1434, 156, 2333, 2462, 37, 424, 682, 43, 6573, 47, 12464, 192, 66, 3656, 1482, 14414, 6482, 1241, 1635, 236, 753, 4469]
[1537, 6024, 3210, 267, 11404, 5651, 1689, 1434, 156, 2462, 37, 682, 43, 6573, 47, 192, 66, 3656, 1482, 14414, 6352, 6482, 595, 1241, 602, 1635, 105, 236, 753, 4469]
[1537, 6024, 3210, 267, 9994, 140, 1689, 1434, 156, 2462, 1059, 37, 424, 682, 6573, 47, 12464, 192, 66, 3656, 1482, 14414, 6482, 1241, 602, 1635, 105, 236, 753, 4469, 3959]
[6024, 3210, 267, 11404, 5651, 788, 1689, 1434, 156, 2462, 1827, 37, 682, 6573, 47, 12464, 2997, 192, 66, 3656, 1482, 14414, 595, 4696, 1241, 602, 1635, 105, 236, 753, 3959, 4991]
[1537, 6024, 8329, 3210, 267, 11404, 5651, 1689, 1434, 156, 1827, 37, 682, 8874, 43, 6573, 814, 47, 12464, 192, 66, 14414, 6352, 6482, 3282, 1241, 474, 602, 1635, 105, 753, 4469, 3959]
[6024, 3210, 267, 11404, 2314, 5651, 788, 1689, 1434, 156, 2333, 2462, 1827, 37, 424, 682, 43, 6573, 47, 12464, 2997, 192, 66, 3656, 329, 14414, 6482, 1241, 1635, 105, 236, 753, 4469, 3959]
[1537, 6024, 3210, 267, 11404, 5651, 1689, 1434, 156, 2462, 1827, 37, 424, 682, 43, 6573, 814, 47, 12464, 192, 66, 1987, 14414, 595, 1241, 602, 474, 1635, 105, 5993, 236, 753, 4469, 3959, 7295]
[6024, 649, 3210, 267, 11404, 2314, 5651, 1689, 1434, 1049, 156, 2462, 1827, 37, 424, 682, 43, 6573, 47, 12464, 192, 66, 3656, 1482, 14414, 6352, 6482, 595, 1241, 602, 1635, 105, 236, 753, 4469, 507]
[1537, 6024, 8329, 3210, 267, 11404, 5651, 788, 1689, 1434, 156, 2462, 1827, 37, 424, 682, 43, 6573, 814, 47, 12464, 432, 192, 66, 14414, 6482, 595, 1241, 602, 1635, 105, 236, 110, 753, 4469, 3959, 7295]
[1537, 6024, 3210, 267, 11404, 2314, 788, 1689, 1434, 156, 2462, 1059, 1827, 37, 424, 682, 6573, 814, 47, 12464, 192, 66, 3656, 14414, 6482, 595, 1241, 602, 1635, 105, 236, 110, 753, 4469, 3959, 5370, 507, 7295]
[6024, 3210, 267, 2314, 11404, 788, 1689, 1434, 156, 2462, 1059, 37, 6565, 5799, 424, 682, 6573, 814, 47, 12464, 9261, 192, 66, 3656, 1482, 14414, 6482, 1241, 602, 474, 1753, 1635, 105, 236, 753, 4469, 3959, 507, 7295]
[1537, 6024, 3210, 267, 11404, 2314, 5651, 788, 1689, 1434, 156, 2462, 1827, 37, 6565, 682, 43, 6573, 814, 47, 12464, 6836, 192, 66, 1987, 3656, 329, 1482, 14414, 6352, 6482, 1241, 602, 1635, 105, 236, 110, 753, 4469, 3959]
[1537, 518, 6024, 8329, 3210, 267, 11404, 5651, 1689, 1434, 3099, 156, 2462, 1827, 37, 424, 682, 6573, 814, 47, 12464, 9261, 432, 2997, 7102, 575, 192, 66, 3656, 14414, 4559, 6482, 595, 1241, 602, 1635, 105, 236, 753, 4469, 3959]
[1537, 6024, 3210, 267, 11404, 1930, 5651, 788, 1689, 1434, 1049, 156, 2462, 1827, 37, 6565, 424, 682, 6573, 814, 47, 12464, 192, 1472, 66, 1987, 3656, 14414, 4559, 6352, 6482, 595, 1241, 602, 474, 1635, 105, 753, 4469, 3959, 507, 7295]
[261, 6024, 649, 3210, 267, 11404, 3597, 2314, 5651, 1689, 1434, 156, 2462, 1827, 37, 424, 682, 43, 6573, 814, 47, 12464, 432, 575, 192, 66, 3656, 1482, 14414, 6352, 6482, 595, 1241, 602, 1635, 105, 236, 753, 4469, 3959, 7417, 507, 7295]
[1537, 4739, 6024, 8329, 3210, 267, 11404, 4873, 2314, 11025, 5651, 1689, 1434, 3099, 156, 2462, 1827, 37, 5799, 424, 682, 6573, 814, 47, 12464, 9261, 432, 192, 66, 3656, 14414, 4559, 6352, 6482, 595, 1241, 602, 1635, 105, 236, 753, 4469, 3959, 7295]
[1537, 6024, 3210, 267, 11404, 11025, 5651, 788, 1689, 1434, 1049, 156, 2462, 1827, 37, 6565, 424, 682, 43, 6573, 814, 47, 12464, 432, 6836, 2997, 7102, 192, 66, 3656, 1482, 14414, 4559, 6482, 595, 1241, 602, 7295, 1635, 105, 2409, 236, 753, 4469, 4991]
[1537, 261, 6024, 3210, 267, 11404, 1930, 3597, 5651, 1689, 1434, 156, 2462, 1827, 37, 6565, 424, 682, 4266, 43, 6573, 814, 47, 12464, 192, 66, 1987, 3656, 1482, 14414, 6352, 6482, 595, 1241, 602, 1635, 105, 2409, 236, 14064, 753, 6512, 4469, 3959, 507, 7295]
[1537, 6024, 8329, 3210, 267, 11404, 140, 2314, 3597, 5651, 788, 1689, 1434, 156, 2462, 1827, 1059, 37, 6565, 424, 682, 43, 6573, 814, 47, 12464, 7102, 192, 66, 1987, 1482, 14414, 4559, 6352, 6482, 4696, 1241, 602, 1635, 105, 5993, 110, 753, 4469, 3959, 5370, 7295]
[1537, 518, 6024, 8329, 3210, 267, 11404, 2314, 5651, 1689, 1434, 1049, 156, 2462, 1827, 37, 6565, 424, 682, 43, 6573, 814, 47, 12464, 9261, 4285, 192, 1472, 66, 3656, 14414, 4559, 6352, 6482, 595, 4696, 1241, 602, 1635, 105, 236, 6512, 753, 1010, 4469, 1657, 507, 7295]
[1537, 6024, 649, 3210, 267, 11404, 8329, 5651, 1689, 1434, 1049, 156, 2333, 2462, 1827, 37, 6565, 424, 682, 43, 4266, 6573, 814, 47, 12464, 9261, 563, 4285, 192, 66, 3656, 1482, 14414, 6352, 6482, 595, 1241, 602, 1753, 5216, 1635, 105, 236, 110, 753, 4469, 3959, 507, 7295]
[1537, 6024, 8329, 3210, 267, 11404, 2314, 5651, 788, 1689, 1434, 3099, 156, 1049, 2462, 1827, 1059, 37, 6565, 424, 682, 4266, 6573, 814, 47, 12464, 432, 9261, 192, 66, 1987, 1482, 14414, 4559, 6352, 3282, 595, 4438, 1241, 602, 1635, 5993, 105, 2409, 236, 753, 4469, 3959, 507, 7295]
[1537, 6024, 4873, 3210, 267, 11404, 2314, 3597, 140, 8329, 5651, 788, 1689, 1434, 156, 2333, 2462, 1827, 37, 6565, 424, 682, 43, 6573, 814, 47, 12464, 9261, 5550, 192, 66, 3656, 1482, 14414, 4559, 6482, 595, 4696, 1241, 602, 1635, 105, 2409, 236, 753, 4469, 5622, 3959, 1657, 507, 7295]
